
****************************
Benchmarking eflisp on Thu Aug 10 16:17:06 EDT 2017 under Darwin e-MacBookPro.local 16.7.0 Darwin Kernel Version 16.7.0: Thu Jun 15 17:36:27 PDT 2017; root:xnu-3789.70.16~2/RELEASE_X86_64 x86_64

Testing browse under eflisp
Including prelude /Users/e/Dev/scheme/r7rs-benchmarks_dcurrie/src/eflisp-prelude.scm
Compiling...
eflisp_comp /tmp/larcenous/eflisp/browse.scm /tmp/larcenous/eflisp/browse.scm
Running...
Running browse:2000
Elapsed time: 4.28407096862793 seconds (4.284) for browse:2000
+!CSVLINE!+eflisp-unknown,browse:2000,4.28407096862793

real	0m4.307s
user	0m4.292s
sys	0m0.007s

Testing deriv under eflisp
Including prelude /Users/e/Dev/scheme/r7rs-benchmarks_dcurrie/src/eflisp-prelude.scm
Compiling...
eflisp_comp /tmp/larcenous/eflisp/deriv.scm /tmp/larcenous/eflisp/deriv.scm
Running...
Running deriv:10000000
Elapsed time: 10.35128116607666 seconds (10.351) for deriv:10000000
+!CSVLINE!+eflisp-unknown,deriv:10000000,10.35128116607666

real	0m10.367s
user	0m10.350s
sys	0m0.010s

Testing destruc under eflisp
Including prelude /Users/e/Dev/scheme/r7rs-benchmarks_dcurrie/src/eflisp-prelude.scm
Compiling...
eflisp_comp /tmp/larcenous/eflisp/destruc.scm /tmp/larcenous/eflisp/destruc.scm
Running...
Running destruc:600:50:4000
Elapsed time: 26.25623416900635 seconds (26.256) for destruc:600:50:4000
+!CSVLINE!+eflisp-unknown,destruc:600:50:4000,26.25623416900635

real	0m26.272s
user	0m26.235s
sys	0m0.026s

Testing diviter under eflisp
Including prelude /Users/e/Dev/scheme/r7rs-benchmarks_dcurrie/src/eflisp-prelude.scm
Compiling...
eflisp_comp /tmp/larcenous/eflisp/diviter.scm /tmp/larcenous/eflisp/diviter.scm
Running...
Running diviter:1000:1000000
Elapsed time: 24.62545609474182 seconds (24.625) for diviter:1000:1000000
+!CSVLINE!+eflisp-unknown,diviter:1000:1000000,24.62545609474182

real	0m24.641s
user	0m24.602s
sys	0m0.028s

Testing divrec under eflisp
Including prelude /Users/e/Dev/scheme/r7rs-benchmarks_dcurrie/src/eflisp-prelude.scm
Compiling...
eflisp_comp /tmp/larcenous/eflisp/divrec.scm /tmp/larcenous/eflisp/divrec.scm
Running...
Running divrec:1000:1000000
Elapsed time: 22.02306413650513 seconds (22.023) for divrec:1000:1000000
+!CSVLINE!+eflisp-unknown,divrec:1000:1000000,22.02306413650513

real	0m22.038s
user	0m22.009s
sys	0m0.020s

Testing puzzle under eflisp
Including prelude /Users/e/Dev/scheme/r7rs-benchmarks_dcurrie/src/eflisp-prelude.scm
Compiling...
eflisp_comp /tmp/larcenous/eflisp/puzzle.scm /tmp/larcenous/eflisp/puzzle.scm
Running...
Running puzzle:1000
Elapsed time: 66.2351770401001 seconds (66.235) for puzzle:1000
+!CSVLINE!+eflisp-unknown,puzzle:1000,66.2351770401001

real	1m6.253s
user	1m5.261s
sys	0m0.972s

Testing triangl under eflisp
Including prelude /Users/e/Dev/scheme/r7rs-benchmarks_dcurrie/src/eflisp-prelude.scm
Compiling...
eflisp_comp /tmp/larcenous/eflisp/triangl.scm /tmp/larcenous/eflisp/triangl.scm
Running...
Running triangl:22:1:50
Elapsed time: 33.26211810112 seconds (33.262) for triangl:22:1:50
+!CSVLINE!+eflisp-unknown,triangl:22:1:50,33.26211810112

real	0m33.278s
user	0m33.228s
sys	0m0.035s

Testing tak under eflisp
Including prelude /Users/e/Dev/scheme/r7rs-benchmarks_dcurrie/src/eflisp-prelude.scm
Compiling...
eflisp_comp /tmp/larcenous/eflisp/tak.scm /tmp/larcenous/eflisp/tak.scm
Running...
Running tak:40:20:11:1
Elapsed time: 24.14940714836121 seconds (24.149) for tak:40:20:11:1
+!CSVLINE!+eflisp-unknown,tak:40:20:11:1,24.14940714836121

real	0m24.164s
user	0m24.130s
sys	0m0.025s

Testing takl under eflisp
Including prelude /Users/e/Dev/scheme/r7rs-benchmarks_dcurrie/src/eflisp-prelude.scm
Compiling...
eflisp_comp /tmp/larcenous/eflisp/takl.scm /tmp/larcenous/eflisp/takl.scm
Running...
Running takl:40:20:12:1
Elapsed time: 77.81075286865234 seconds (77.81100000000001) for takl:40:20:12:1
+!CSVLINE!+eflisp-unknown,takl:40:20:12:1,77.81075286865234

real	1m17.826s
user	1m17.732s
sys	0m0.069s

Testing ntakl under eflisp
Including prelude /Users/e/Dev/scheme/r7rs-benchmarks_dcurrie/src/eflisp-prelude.scm
Compiling...
eflisp_comp /tmp/larcenous/eflisp/ntakl.scm /tmp/larcenous/eflisp/ntakl.scm
Running...
Running ntakl:40:20:12:1
Elapsed time: 57.5842649936676 seconds (57.584) for ntakl:40:20:12:1
+!CSVLINE!+eflisp-unknown,ntakl:40:20:12:1,57.5842649936676

real	0m57.600s
user	0m57.507s
sys	0m0.064s

Testing cpstak under eflisp
Including prelude /Users/e/Dev/scheme/r7rs-benchmarks_dcurrie/src/eflisp-prelude.scm
Compiling...
eflisp_comp /tmp/larcenous/eflisp/cpstak.scm /tmp/larcenous/eflisp/cpstak.scm
Running...
Running cpstak:40:20:11:1
Elapsed time: 57.44455695152283 seconds (57.445) for cpstak:40:20:11:1
+!CSVLINE!+eflisp-unknown,cpstak:40:20:11:1,57.44455695152283

real	0m57.460s
user	0m57.285s
sys	0m0.104s

Testing ctak under eflisp
Including prelude /Users/e/Dev/scheme/r7rs-benchmarks_dcurrie/src/eflisp-prelude.scm
Compiling...
eflisp_comp /tmp/larcenous/eflisp/ctak.scm /tmp/larcenous/eflisp/ctak.scm
Running...
Running ctak:32:16:8:1
Elapsed time: 64.64295291900635 seconds (64.643) for ctak:32:16:8:1
+!CSVLINE!+eflisp-unknown,ctak:32:16:8:1,64.64295291900635

real	1m4.659s
user	0m26.265s
sys	0m38.325s

Testing fib under eflisp
Including prelude /Users/e/Dev/scheme/r7rs-benchmarks_dcurrie/src/eflisp-prelude.scm
Compiling...
eflisp_comp /tmp/larcenous/eflisp/fib.scm /tmp/larcenous/eflisp/fib.scm
Running...
Running fib:40:5
Elapsed time: 50.26582002639771 seconds (50.266) for fib:40:5
+!CSVLINE!+eflisp-unknown,fib:40:5,50.26582002639771

real	0m50.281s
user	0m50.170s
sys	0m0.060s

Testing fibc under eflisp
Including prelude /Users/e/Dev/scheme/r7rs-benchmarks_dcurrie/src/eflisp-prelude.scm
Compiling...
eflisp_comp /tmp/larcenous/eflisp/fibc.scm /tmp/larcenous/eflisp/fibc.scm
Running...
Running fibc:30:10
Elapsed time: 46.53879594802856 seconds (46.539) for fibc:30:10
+!CSVLINE!+eflisp-unknown,fibc:30:10,46.53879594802856

real	0m46.555s
user	0m23.169s
sys	0m23.318s

Testing fibfp under eflisp
Including prelude /Users/e/Dev/scheme/r7rs-benchmarks_dcurrie/src/eflisp-prelude.scm
Compiling...
eflisp_comp /tmp/larcenous/eflisp/fibfp.scm /tmp/larcenous/eflisp/fibfp.scm
Running...
Running fibfp:35:10
Elapsed time: 19.95034003257751 seconds (19.95) for fibfp:35:10
+!CSVLINE!+eflisp-unknown,fibfp:35:10,19.95034003257751

real	0m19.966s
user	0m19.916s
sys	0m0.033s

Testing sum under eflisp
Including prelude /Users/e/Dev/scheme/r7rs-benchmarks_dcurrie/src/eflisp-prelude.scm
Compiling...
eflisp_comp /tmp/larcenous/eflisp/sum.scm /tmp/larcenous/eflisp/sum.scm
Running...
Running sum:10000:200000
Elapsed time: 66.35523390769958 seconds (66.355) for sum:10000:200000
+!CSVLINE!+eflisp-unknown,sum:10000:200000,66.35523390769958

real	1m6.370s
user	1m6.202s
sys	0m0.103s

Testing sumfp under eflisp
Including prelude /Users/e/Dev/scheme/r7rs-benchmarks_dcurrie/src/eflisp-prelude.scm
Compiling...
eflisp_comp /tmp/larcenous/eflisp/sumfp.scm /tmp/larcenous/eflisp/sumfp.scm
Running...
Running sumfp:1000000:500
Elapsed time: 35.4381091594696 seconds (35.438) for sumfp:1000000:500
+!CSVLINE!+eflisp-unknown,sumfp:1000000:500,35.4381091594696

real	0m35.453s
user	0m35.335s
sys	0m0.074s

Testing fft under eflisp
Including prelude /Users/e/Dev/scheme/r7rs-benchmarks_dcurrie/src/eflisp-prelude.scm
Compiling...
eflisp_comp /tmp/larcenous/eflisp/fft.scm /tmp/larcenous/eflisp/fft.scm
Running...
Running fft:65536:100
Elapsed time: 20.88724994659424 seconds (20.887) for fft:65536:100
+!CSVLINE!+eflisp-unknown,fft:65536:100,20.88724994659424

real	0m20.905s
user	0m20.850s
sys	0m0.036s

Testing mbrot under eflisp
Including prelude /Users/e/Dev/scheme/r7rs-benchmarks_dcurrie/src/eflisp-prelude.scm
Compiling...
eflisp_comp /tmp/larcenous/eflisp/mbrot.scm /tmp/larcenous/eflisp/mbrot.scm
Running...
Running mbrot:75:1000
Elapsed time: 34.68400812149048 seconds (34.684) for mbrot:75:1000
+!CSVLINE!+eflisp-unknown,mbrot:75:1000,34.68400812149048

real	0m34.700s
user	0m34.541s
sys	0m0.095s

Testing mbrotZ under eflisp
Including prelude /Users/e/Dev/scheme/r7rs-benchmarks_dcurrie/src/eflisp-prelude.scm
Compiling...
eflisp_comp /tmp/larcenous/eflisp/mbrotZ.scm /tmp/larcenous/eflisp/mbrotZ.scm
Running...
Running mbrotZ:75:1000
eval: variable -1.0-0.5i has no value
in file /tmp/larcenous/eflisp/mbrotZ.scm
#0 (test 75)

real	0m0.017s
user	0m0.012s
sys	0m0.002s
+!CSVLINE!+eflisp,mbrotZ,CRASHED

Testing nucleic under eflisp
Including prelude /Users/e/Dev/scheme/r7rs-benchmarks_dcurrie/src/eflisp-prelude.scm
Compiling...
eflisp_comp /tmp/larcenous/eflisp/nucleic.scm /tmp/larcenous/eflisp/nucleic.scm
Running...
Running nucleic:50
eval: variable atan has no value
in file /tmp/larcenous/eflisp/nucleic.scm
#0 (math-atan2 -1.223 0.226)
#1 (pt-phi [-1.223 -0.8209999999999997 0.226])
#2 (tfo-align [6.54 5.12 -1.419] [5.317 4.299 -1.193]
	   [5.29 2.979 -0.826])
#3 (dgf-base [-0.9737 -0.1834 0.1352 -0.1779 0.2417 -0.9539 0.1422 -0.9529 -0.2679
	   0.4837 6.2649 8.028499999999999]
	  [23 [#1=1.0 #0=0.0 #0# #0# #1# #0# #0# #0# #1# #0# #0# #0#]
	   [[-0.0018 -0.8207 0.5714 0.2679 -0.5508999999999999 -0.7904 0.9634
	     0.1517 0.2209 0.0073 8.403 0.6232]
	    [-0.8143 -0.5091 -0.2788 -0.0433 -0.4257 0.9038 -0.5788 0.748 0.3246
	     1.5227 6.9114 -7.0765] [0.3822 -0.7477 0.543 0.4552 0.6637 0.5935
				     -0.8042 0.0203 0.5941 -6.9472 -4.1186 -5.9108]
	    [0.5639999999999999 0.8007 -0.2022 -0.8247 0.5587 -0.0878 0.0426 0.2162
	     0.9754 6.2694 -7.054 3.3316]
	    [2.893 8.538 -3.328] [1.698 7.696 -3.557]
	    [3.226 9.500999999999999 -4.402]
	    [4.159 7.604 -3.034] [5.455 8.212 -2.881]
	    [5.4546 8.8508 -1.9978] [5.7588 8.6625 -3.8259]
	    [6.497 7.148 -2.598] [7.4896 7.5919 -2.5214]
	    [6.163 6.486 -1.344] [6.54 5.12 -1.419]
	    [7.2763 4.9681 -0.6297] [7.194 4.883 -2.777]
	    [6.8667 3.9183 -3.1647] [8.586 5.091 -2.614]
	    [8.951000000000001 4.7626 -1.789]
	    [6.572 6.004 -3.609] [5.5636 5.7066 -3.8966]
	    [7.3801 6.3562 -4.735] [4.715 0.491 -0.136]
	    [6.349 2.173 -0.602] [5.953 0.965 -0.267]
	    [5.29 2.979 -0.826] [3.972 2.639 -0.733]
	    [3.677 1.316 -0.366] rA [2.428 0.845 -0.236]
	    [3.166 3.729 -1.036] [5.317 4.299 -1.193]
	    [4.01 4.678 -1.299] [6.689 0.1903 -0.0518]
	    [1.647 1.446 -0.404] [2.278 -0.108 -0.028]
	    [3.4421 5.5744 -1.5482]]]
	  [[-0.0359 -0.8071 0.5894 -0.2669 0.5760999999999999 0.7726 -0.9631 -0.1296
	    -0.2361 0.1584 8.343400000000001 0.5434]
	   [-0.8313 -0.4738 -0.2906 0.0649 0.4366 -0.8973 0.5521 -0.7648 -0.3322
	    1.6833 6.806 -7.0011] [0.3445 -0.763 0.547 -0.4628 -0.645 -0.6082
				   0.8168 -0.0436 -0.5753 -6.8179 -3.9778 -5.9887]
	   [0.5855 0.7931 -0.1682 0.8103 -0.579 0.0906 -0.0255 -0.1894 -0.9816
	    6.1203 -7.1051 3.1984] [2.676 -8.496 3.288]
	   [1.495 -7.623 3.477] [2.949 -9.464 4.374]
	   [3.973 -7.595 3.034] [5.243 -8.242000000000001 2.826]
	   [5.1974 -8.8497 1.9223] [5.5548 -8.7348 3.7469]
	   [6.314 -7.206 2.551] [7.2954 -7.6762 2.4898]
	   [6.014 -6.542 1.289] [6.419 -5.184 1.362]
	   [7.1608 -5.0495 0.5747] [7.076 -4.956 2.727]
	   [6.777 -3.9803 3.1099] [8.449999999999999 -5.193 2.581]
	   [8.8309 -4.8755 1.759] [6.406 -6.059 3.558]
	   [5.4021 -5.7313 3.8281] [7.157 -6.424 4.707]
	   [5.217 -4.326 1.169] [4.296 -2.256 0.629]
	   [5.433 -3.02 0.799] [2.993 -2.678 0.794]
	   [2.867 -4.063 1.183] [3.957 -4.83 1.355] rU [6.547 -2.556 0.629]
	   [2.054 -1.9 0.613] [4.43 -1.302 0.36]
	   [1.959 -4.457 1.325] [3.846 -5.786 1.624]])
#4 (wc-Dumas/lambda ([23 [#1=1.0 #0=0.0 #0# #0# #1# #0# #0# #0# #1# #0# #0# #0#]
		   [[-0.0018 -0.8207 0.5714 0.2679 -0.5508999999999999 -0.7904
		     0.9634 0.1517 0.2209 0.0073 8.403 0.6232]
		    [-0.8143 -0.5091 -0.2788 -0.0433 -0.4257 0.9038 -0.5788 0.748
		     0.3246 1.5227 6.9114 -7.0765]
		    [0.3822 -0.7477 0.543 0.4552 0.6637 0.5935 -0.8042 0.0203
		     0.5941 -6.9472 -4.1186 -5.9108]
		    [0.5639999999999999 0.8007 -0.2022 -0.8247 0.5587 -0.0878
		     0.0426 0.2162 0.9754 6.2694 -7.054 3.3316]
		    [2.893 8.538 -3.328] [1.698 7.696 -3.557]
		    [3.226 9.500999999999999 -4.402]
		    [4.159 7.604 -3.034] [5.455 8.212 -2.881]
		    [5.4546 8.8508 -1.9978]
		    [5.7588 8.6625 -3.8259]
		    [6.497 7.148 -2.598] [7.4896 7.5919 -2.5214]
		    [6.163 6.486 -1.344] [6.54 5.12 -1.419]
		    [7.2763 4.9681 -0.6297]
		    [7.194 4.883 -2.777] [6.8667 3.9183 -3.1647]
		    [8.586 5.091 -2.614] [8.951000000000001 4.7626 -1.789]
		    [6.572 6.004 -3.609] [5.5636 5.7066 -3.8966]
		    [7.3801 6.3562 -4.735]
		    [4.715 0.491 -0.136] [6.349 2.173 -0.602]
		    [5.953 0.965 -0.267] [5.29 2.979 -0.826]
		    [3.972 2.639 -0.733] [3.677 1.316 -0.366] rA [2.428 0.845
								  -0.236]
		    [3.166 3.729 -1.036] [5.317 4.299 -1.193]
		    [4.01 4.678 -1.299] [6.689 0.1903 -0.0518]
		    [1.647 1.446 -0.404] [2.278 -0.108 -0.028]
		    [3.4421 5.5744 -1.5482]]]))
#5 (search ([23 [#1=1.0 #0=0.0 #0# #0# #1# #0# #0# #0# #1# #0# #0# #0#]
	  #8=[[-0.0018 -0.8207 0.5714 0.2679 -0.5508999999999999 -0.7904 0.9634
	       0.1517 0.2209 0.0073 8.403 0.6232]
	      [-0.8143 -0.5091 -0.2788 -0.0433 -0.4257 0.9038 -0.5788 0.748 0.3246
	       1.5227 6.9114 -7.0765] [0.3822 -0.7477 0.543 0.4552 0.6637 0.5935
				       -0.8042 0.0203 0.5941 -6.9472 -4.1186 -5.9108]
	      [0.5639999999999999 0.8007 -0.2022 -0.8247 0.5587 -0.0878 0.0426
	       0.2162 0.9754 6.2694 -7.054 3.3316]
	      [2.893 8.538 -3.328] [1.698 7.696 -3.557]
	      [3.226 9.500999999999999 -4.402]
	      [4.159 7.604 -3.034] [5.455 8.212 -2.881]
	      [5.4546 8.8508 -1.9978] [5.7588 8.6625 -3.8259]
	      [6.497 7.148 -2.598] [7.4896 7.5919 -2.5214]
	      [6.163 6.486 -1.344] [6.54 5.12 -1.419]
	      [7.2763 4.9681 -0.6297] [7.194 4.883 -2.777]
	      [6.8667 3.9183 -3.1647] [8.586 5.091 -2.614]
	      [8.951000000000001 4.7626 -1.789]
	      [6.572 6.004 -3.609] [5.5636 5.7066 -3.8966]
	      [7.3801 6.3562 -4.735] [4.715 0.491 -0.136]
	      [6.349 2.173 -0.602] [5.953 0.965 -0.267]
	      [5.29 2.979 -0.826] [3.972 2.639 -0.733]
	      [3.677 1.316 -0.366] rA [2.428 0.845 -0.236]
	      [3.166 3.729 -1.036] [5.317 4.299 -1.193]
	      [4.01 4.678 -1.299] [6.689 0.1903 -0.0518]
	      [1.647 1.446 -0.404] [2.278 -0.108 -0.028]
	      [3.4421 5.5744 -1.5482]]])
	(#fn(#2=":000r1e0~|32e1e2g5\x7f33e3i2g6\x7f33L1;" #3=[get-var dgf-base
							      wc-Dumas-tfo
							      make-var] [23 #11=[[-0.0359
  -0.8071 0.5894 -0.2669 0.5760999999999999 0.7726 -0.9631 -0.1296 -0.2361 0.1584
  8.343400000000001 0.5434] [-0.8313 -0.4738 -0.2906 0.0649 0.4366 -0.8973 0.5521
			     -0.7648 -0.3322 1.6833 6.806 -7.0011]
  [0.3445 -0.763 0.547 -0.4628 -0.645 -0.6082 0.8168 -0.0436 -0.5753 -6.8179 -3.9778
   -5.9887] [0.5855 0.7931 -0.1682 0.8103 -0.579 0.0906 -0.0255 -0.1894 -0.9816
	     6.1203 -7.1051 3.1984] [2.676 -8.496 3.288]
  [1.495 -7.623 3.477] [2.949 -9.464 4.374]
  [3.973 -7.595 3.034] [5.243 -8.242000000000001 2.826]
  [5.1974 -8.8497 1.9223] [5.5548 -8.7348 3.7469]
  [6.314 -7.206 2.551] [7.2954 -7.6762 2.4898]
  [6.014 -6.542 1.289] [6.419 -5.184 1.362]
  [7.1608 -5.0495 0.5747] [7.076 -4.956 2.727]
  [6.777 -3.9803 3.1099] [8.449999999999999 -5.193 2.581]
  [8.8309 -4.8755 1.759] [6.406 -6.059 3.558]
  [5.4021 -5.7313 3.8281] [7.157 -6.424 4.707]
  [5.217 -4.326 1.169] [4.296 -2.256 0.629]
  [5.433 -3.02 0.799] [2.993 -2.678 0.794]
  [2.867 -4.063 1.183] [3.957 -4.83 1.355] rU [6.547 -2.556 0.629]
  [2.054 -1.9 0.613] [4.43 -1.302 0.36] [1.959 -4.457 1.325]
  [3.846 -5.786 1.624]] 8])
	 #fn(#4=":000r1e0~|32e1e2g5\x7f33e3i2g6\x7f33L1;" #5=[get-var dgf-base
							      helix3*-tfo
							      make-var] [23 #6=[[-0.0018
  -0.8207 0.5714 0.2679 -0.5508999999999999 -0.7904 0.9634 0.1517 0.2209 0.0073
  8.403 0.6232] [-0.8143 -0.5091 -0.2788 -0.0433 -0.4257 0.9038 -0.5788 0.748
		 0.3246 1.5227 6.9114 -7.0765]
  [0.3822 -0.7477 0.543 0.4552 0.6637 0.5935 -0.8042 0.0203 0.5941 -6.9472 -4.1186
   -5.9108] [0.5639999999999999 0.8007 -0.2022 -0.8247 0.5587 -0.0878 0.0426 0.2162
	     0.9754 6.2694 -7.054 3.3316]
  [2.893 8.538 -3.328] [1.698 7.696 -3.557]
  [3.226 9.500999999999999 -4.402] [4.159 7.604 -3.034]
  [5.455 8.212 -2.881] [5.4546 8.8508 -1.9978]
  [5.7588 8.6625 -3.8259] [6.497 7.148 -2.598]
  [7.4896 7.5919 -2.5214] [6.163 6.486 -1.344]
  [6.54 5.12 -1.419] [7.2763 4.9681 -0.6297]
  [7.194 4.883 -2.777] [6.8667 3.9183 -3.1647]
  [8.586 5.091 -2.614] [8.951000000000001 4.7626 -1.789]
  [6.572 6.004 -3.609] [5.5636 5.7066 -3.8966]
  [7.3801 6.3562 -4.735] [4.715 0.491 -0.136]
  [6.349 2.173 -0.602] [5.953 0.965 -0.267]
  [5.29 2.979 -0.826] [3.972 2.639 -0.733]
  [3.677 1.316 -0.366] rG [6.8426 0.0056 -0.0019]
  [3.166 3.729 -1.036] [5.317 4.299 -1.193]
  [4.01 4.678 -1.299] [2.428 0.845 -0.236]
  [4.6151 -0.4677 0.1305] [6.6463 -0.9463 0.2729]
  [7.817 0.2642 -0.064] [3.4421 5.5744 -1.5482]] 22])
	 #fn(#2# #3# [22 #7=[[-0.0359 -0.8071 0.5894 -0.2669 0.5760999999999999
			      0.7726 -0.9631 -0.1296 -0.2361 0.1584 8.343400000000001
			      0.5434] [-0.8313 -0.4738 -0.2906 0.0649 0.4366 -0.8973
				       0.5521 -0.7648 -0.3322 1.6833 6.806 -7.0011]
			     [0.3445 -0.763 0.547 -0.4628 -0.645 -0.6082 0.8168
			      -0.0436 -0.5753 -6.8179 -3.9778 -5.9887]
			     [0.5855 0.7931 -0.1682 0.8103 -0.579 0.0906 -0.0255
			      -0.1894 -0.9816 6.1203 -7.1051 3.1984]
			     [2.676 -8.496 3.288]
			     [1.495 -7.623 3.477]
			     [2.949 -9.464 4.374]
			     [3.973 -7.595 3.034]
			     [5.243 -8.242000000000001 2.826]
			     [5.1974 -8.8497 1.9223]
			     [5.5548 -8.7348 3.7469]
			     [6.314 -7.206 2.551]
			     [7.2954 -7.6762 2.4898]
			     [6.014 -6.542 1.289]
			     [6.419 -5.184 1.362]
			     [7.1608 -5.0495 0.5747]
			     [7.076 -4.956 2.727]
			     [6.777 -3.9803 3.1099]
			     [8.449999999999999 -5.193 2.581]
			     [8.8309 -4.8755 1.759]
			     [6.406 -6.059 3.558]
			     [5.4021 -5.7313 3.8281]
			     [7.157 -6.424 4.707]
			     [5.217 -4.326 1.169]
			     [4.296 -2.256 0.629]
			     [5.433 -3.02 0.799]
			     [2.993 -2.678 0.794]
			     [2.867 -4.063 1.183]
			     [3.957 -4.83 1.355] rC [2.0187 -1.8047 0.5874]
			     [6.547 -2.556 0.629]
			     [1.0684 -2.1236 0.7109]
			     [2.2344 -0.856 0.3162]
			     [1.8797 -4.4972 1.3404]
			     [3.8479 -5.8742 1.648]] 9])
	 #fn(#4# #5# [22 #6# 21]) #fn(#2# #3# [21 #7# 10])
	 #fn(#4# #5# [21 #7# 20]) #fn(#2# #3# [20 #6# 11])
	 #fn(#4# #5# [20 [[-0.0109 0.5907 0.8068 0.2217 -0.7853 0.578 0.9751 0.1852
			   -0.1224 -1.4225 -11.0956 -2.5217]
			  [-0.8313 -0.4738 -0.2906 0.0649 0.4366 -0.8973 0.5521
			   -0.7648 -0.3322 1.6833 6.806 -7.0011]
			  [0.3445 -0.763 0.547 -0.4628 -0.645 -0.6082 0.8168 -0.0436
			   -0.5753 -6.8179 -3.9778 -5.9887]
			  [0.5855 0.7931 -0.1682 0.8103 -0.579 0.0906 -0.0255
			   -0.1894 -0.9816 6.1203 -7.1051 3.1984]
			  [2.676 -8.496 3.288]
			  [1.495 -7.623 3.477]
			  [2.949 -9.464 4.374]
			  [3.973 -7.595 3.034]
			  [5.243 -8.242000000000001 2.826]
			  [5.1974 -8.8497 1.9223]
			  [5.5548 -8.7348 3.7469]
			  [6.314 -7.206 2.551]
			  [5.8744 -6.2116 2.4731]
			  [7.2798 -7.226 3.642]
			  [8.5733 -6.941 3.1329]
			  [8.9047 -6.0374 3.6446]
			  [8.4429 -6.6596 1.6327]
			  [9.288 -7.1071 1.1096]
			  [8.2502 -5.2799 1.4754]
			  [8.7676 -4.7284 2.0667]
			  [7.1642 -7.4416 1.3021]
			  [7.4125 -8.5002 1.226]
			  [6.516 -6.9772 0.1267]
			  [9.453099999999999 -8.1107 3.4087]
			  [11.5931 -9.0015 3.6357]
			  [10.8101 -7.895 3.3748]
			  [11.1439 -10.2744 3.9206]
			  [9.7056 -10.4026 3.9332]
			  [8.9192 -9.341900000000001 3.6833] rU [11.3013 -6.8063
								 3.1326]
			  [11.9431 -11.1876 4.1375]
			  [12.584 -8.8673 3.6158]
			  [9.289099999999999 -11.2898 4.1313]
			  [7.9263 -9.4537 3.6977]] 19])
	 #fn(#2# #3# [19 #8# 12]) #fn(#4# #5# [19 #7# 3])
	 #fn(#2# #3# [3 #6# 13]) #fn(#4# #5# [3 #7# 2])
	 #fn(#2# #3# [2 #6# 14]) #fn(#4# #5# [2 #7# 1])
	 #fn(#2# #3# [1 [[-0.2067 -0.0264 0.978 0.977 -0.0586 0.2049 0.0519 0.9979
			  0.0379 1.0331 -46.8078 -36.4742]
			 [-0.8643999999999999 -0.4956 -0.0851 -0.0427 0.2409 -0.9696
			  0.501 -0.8345 -0.2294 4.0167 54.5377 12.4779]
			 [0.3706 -0.6167 0.6945 -0.2867 -0.7872 -0.546 0.8834
			  0.0032 -0.4686 -52.902 18.6313 -0.6709000000000001]
			 [0.4155 0.9025 -0.1137 0.904 -0.4236 -0.0582 -0.1007
			  -0.0786 -0.9918 -7.6624 -25.208 49.5181]
			 [31.381 0.14 47.581]
			 [29.986 0.663 47.629]
			 [31.721 -0.646 48.809]
			 [32.494 1.254 47.274]
			 [32.161 2.237 46.256]
			 [31.2986 2.819 46.5812]
			 [32.098 1.7468 45.2845]
			 [33.3476 3.1959 46.1947]
			 [33.2668 3.8958 45.363]
			 [33.3799 3.9183 47.4216]
			 [34.6515 3.7222 48.0398]
			 [35.2947 4.5412 47.718]
			 [35.1756 2.4228 47.4827]
			 [34.6778 1.5937 47.9856]
			 [36.5631 2.2672 47.4798]
			 [37.0163 2.6579 48.2305]
			 [34.6953 2.5043 46.0448]
			 [34.5444 1.4917 45.6706]
			 [35.6679 3.3009 45.3487]
			 [37.4804 4.0914 52.2559]
			 [36.967 4.1312 49.9281]
			 [37.8045 4.2519 50.955]
			 [35.7171 3.8264 50.3222]
			 [35.2668 3.642 51.6115]
			 [36.2037 3.7829 52.6706] rG [39.0869 4.5552 50.7092]
			 [33.9075 3.3338 51.6102]
			 [34.6126 3.6358 49.5108]
			 [33.5805 3.3442 50.3425]
			 [35.9958 3.6512 53.8724]
			 [38.2106 4.2053 52.9295]
			 [39.8218 4.6863 51.3896]
			 [39.342 4.6857 49.7407]
			 [32.5194 3.107 50.2664]] 15])
	 #fn(#9="<000r1e0~|32e1e2e3e4g532e3e5g532e3e6g5323331c730g7c8g6g7\x7fp32g7\x8e1i2_42;" #10=[get-var
  tfo-inv-ortho tfo-align atom-pos nuc-O3* nuc-C3* nuc-C4* #fn(fn#err)
  #fn("@000r2|\x8540};|Me0e1g631~32e0e2g631~32e0e3g631~32\x7f|Ne4i2g7g633e4i2g8g633e4i2g9g633}KKK42;" [tfo-combine
  nuc-P-O3*-60-tfo nuc-P-O3*-180-tfo nuc-P-O3*-275-tfo make-var])] [15 16 ([[-0.0137
  -0.8012 0.5983000000000001 -0.2523 0.5817 0.7733 -0.9675 -0.1404 -0.2101 0.2031
  8.3874 0.4228] [-0.8313 -0.4738 -0.2906 0.0649 0.4366 -0.8973 0.5521 -0.7648
		  -0.3322 1.6833 6.806 -7.0011]
  [0.3445 -0.763 0.547 -0.4628 -0.645 -0.6082 0.8168 -0.0436 -0.5753 -6.8179 -3.9778
   -5.9887] [0.5855 0.7931 -0.1682 0.8103 -0.579 0.0906 -0.0255 -0.1894 -0.9816
	     6.1203 -7.1051 3.1984] [2.676 -8.496 3.288]
  [1.495 -7.623 3.477] [2.949 -9.464 4.374]
  [3.973 -7.595 3.034] [5.2416 -8.2422 2.8181]
  [5.205 -8.812799999999999 1.8901] [5.5368 -8.7738 3.7227]
  [6.3232 -7.2037 2.6002] [7.3048 -7.6757 2.5577]
  [6.0635 -6.5092 1.3456] [6.4697 -5.1547 1.4629]
  [7.2354 -5.0043 0.7018] [7.0856 -4.961 2.8521]
  [6.7777 -3.9935 3.2487] [8.4627 -5.1992 2.7423]
  [8.869300000000001 -4.8638 1.9399] [6.3877 -6.0809 3.6362]
  [5.377 -5.7562 3.8834] [7.1024 -6.4754 4.7985]
  [5.2764 -4.2883 1.2538] [4.3777 -2.2062 0.7229]
  [5.5069 -2.9779 0.9088000000000001] [3.0693 -2.6246 0.85]
  [2.9279 -4.0146 1.2149] [4.0101 -4.7892 1.4017] rU [6.6267 -2.5166 0.7728]
  [2.1383 -1.8396 0.6581] [4.5223 -1.2489 0.4716]
  [2.0151 -4.4065 1.329] [3.8886 -5.7486 1.6535]]
  [[0.5141 0.0246 0.8574000000000001 -0.5547 -0.7529 0.3542 0.6542 -0.6577 -0.3734
    -9.1111 -3.4598 -3.2939] [-0.8313 -0.4738 -0.2906 0.0649 0.4366 -0.8973 0.5521
			      -0.7648 -0.3322 1.6833 6.806 -7.0011]
   [0.3445 -0.763 0.547 -0.4628 -0.645 -0.6082 0.8168 -0.0436 -0.5753 -6.8179
    -3.9778 -5.9887] [0.5855 0.7931 -0.1682 0.8103 -0.579 0.0906 -0.0255 -0.1894
		      -0.9816 6.1203 -7.1051 3.1984]
   [2.676 -8.496 3.288] [1.495 -7.623 3.477]
   [2.949 -9.464 4.374] [3.973 -7.595 3.034]
   [4.3825 -6.6585 4.0489] [4.6841 -7.2019 4.9443]
   [3.6189 -5.8889 4.1625] [5.6255 -5.9175 3.5998]
   [5.8732 -5.1228 4.3034] [6.7337 -6.8605 3.5222]
   [7.5932 -6.4923 2.4548] [8.5661 -6.2983 2.9064]
   [7.0527 -5.2012 1.8322] [7.1627 -5.2525 0.749]
   [7.6666 -4.1249 2.488] [8.5944 -4.2543 2.6981]
   [5.5661 -5.3029 2.2009] [5.0841 -6.0018 1.5172]
   [4.9062 -4.0452 2.2042] [7.6298 -7.6136 1.4752]
   [8.6945 -8.704599999999999 -0.2857] [8.6943 -7.6514 0.6066]
   [7.7426 -9.698700000000001 -0.3801] [6.6642 -9.574199999999999 0.5722]
   [6.6391 -8.559200000000001 1.4526] rU [9.584 -6.8186 0.6136]
   [7.8505 -10.5925 -1.2223] [9.460100000000001 -8.7514 -0.9277]
   [5.9281 -10.2509 0.5782] [5.8831 -8.4931 2.1028]]
  [[-0.4993 0.0476 0.8651 0.8078 -0.3353 0.4847 0.3132 0.9409 0.129 6.2989 -5.2303
    -3.8577] [-0.8313 -0.4738 -0.2906 0.0649 0.4366 -0.8973 0.5521 -0.7648 -0.3322
	      1.6833 6.806 -7.0011] [0.3445 -0.763 0.547 -0.4628 -0.645 -0.6082
				     0.8168 -0.0436 -0.5753 -6.8179 -3.9778 -5.9887]
   [0.5855 0.7931 -0.1682 0.8103 -0.579 0.0906 -0.0255 -0.1894 -0.9816 6.1203
    -7.1051 3.1984] [2.676 -8.496 3.288] [1.495 -7.623 3.477]
   [2.949 -9.464 4.374] [3.973 -7.595 3.034]
   [3.9938 -6.7042 1.9023] [3.2332 -5.9343 2.0319]
   [3.9666 -7.2863 0.9812] [5.3098 -5.9546 1.8564]
   [5.3863 -5.3702 0.9395] [5.3851 -5.0642 3.0076]
   [6.7315 -4.9724 3.4462] [7.0033 -3.9202 3.3619]
   [7.5997 -5.8018 2.4948] [8.3627 -6.3254 3.0707]
   [8.041 -4.9501 1.4724] [8.2781 -4.0644 1.757]
   [6.5701 -6.8129 1.9714] [6.4186 -7.5809 2.7299]
   [6.9357 -7.3841 0.7235] [6.8024 -5.4718 4.8475]
   [7.9218 -5.57 6.8877] [7.8908 -5.0886 5.5944]
   [6.9789 -6.3827 7.4823] [5.8742 -6.7319 6.6202]
   [5.8182 -6.2769 5.357] rU [8.774699999999999 -4.3728 5.1568]
   [7.1154 -6.7509 8.6509] [8.705500000000001 -5.3037 7.4491]
   [5.1416 -7.3178 6.9665] [5.0441 -6.531 4.7784]]
  [[-0.5669 -0.8012 0.1918 -0.8129 0.5817 0.0273 -0.1334 -0.1404 -0.9811 -0.3279
    8.3874 0.3355] [-0.8313 -0.4738 -0.2906 0.0649 0.4366 -0.8973 0.5521 -0.7648
		    -0.3322 1.6833 6.806 -7.0011]
   [0.3445 -0.763 0.547 -0.4628 -0.645 -0.6082 0.8168 -0.0436 -0.5753 -6.8179
    -3.9778 -5.9887] [0.5855 0.7931 -0.1682 0.8103 -0.579 0.0906 -0.0255 -0.1894
		      -0.9816 6.1203 -7.1051 3.1984]
   [2.676 -8.496 3.288] [1.495 -7.623 3.477]
   [2.949 -9.464 4.374] [3.973 -7.595 3.034]
   [5.2416 -8.2422 2.8181] [5.205 -8.812799999999999 1.8901]
   [5.5368 -8.7738 3.7227] [6.3232 -7.2037 2.6002]
   [7.3048 -7.6757 2.5577] [6.0635 -6.5092 1.3456]
   [6.4697 -5.1547 1.4629] [7.2354 -5.0043 0.7018]
   [7.0856 -4.961 2.8521] [6.7777 -3.9935 3.2487]
   [8.4627 -5.1992 2.7423] [8.869300000000001 -4.8638 1.9399]
   [6.3877 -6.0809 3.6362] [5.377 -5.7562 3.8834]
   [7.1024 -6.4754 4.7985] [5.2764 -4.2883 1.2538]
   [3.8961 -3.0896 -0.1893] [5.0095 -3.8907 -0.0346]
   [3.048 -2.6632 0.8116] [3.4093 -3.131 2.1292]
   [4.4878 -3.9124 2.3088] rU [5.7005 -4.2164 -0.9842]
   [2.08 -1.9458 0.5503] [3.6834 -2.7882 -1.119]
   [2.8508 -2.8721 2.9172] [4.7188 -4.2247 3.2295]]
  [[-0.6298 0.0246 0.7763 -0.5226 -0.7529 -0.4001 0.5746 -0.6577 0.487 -0.0208
    -3.4598 -9.6882] [-0.8313 -0.4738 -0.2906 0.0649 0.4366 -0.8973 0.5521 -0.7648
		      -0.3322 1.6833 6.806 -7.0011]
   [0.3445 -0.763 0.547 -0.4628 -0.645 -0.6082 0.8168 -0.0436 -0.5753 -6.8179
    -3.9778 -5.9887] [0.5855 0.7931 -0.1682 0.8103 -0.579 0.0906 -0.0255 -0.1894
		      -0.9816 6.1203 -7.1051 3.1984]
   [2.676 -8.496 3.288] [1.495 -7.623 3.477]
   [2.949 -9.464 4.374] [3.973 -7.595 3.034]
   [4.3825 -6.6585 4.0489] [4.6841 -7.2019 4.9443]
   [3.6189 -5.8889 4.1625] [5.6255 -5.9175 3.5998]
   [5.8732 -5.1228 4.3034] [6.7337 -6.8605 3.5222]
   [7.5932 -6.4923 2.4548] [8.5661 -6.2983 2.9064]
   [7.0527 -5.2012 1.8322] [7.1627 -5.2525 0.749]
   [7.6666 -4.1249 2.488] [8.5944 -4.2543 2.6981]
   [5.5661 -5.3029 2.2009] [5.0841 -6.0018 1.5172]
   [4.9062 -4.0452 2.2042] [7.6298 -7.6136 1.4752]
   [8.5977 -9.5977 0.7329] [8.5951 -8.5745 1.6594]
   [7.7372 -9.7371 -0.3364] [6.7596 -8.680099999999999 -0.4476]
   [6.7338 -7.6721 0.4408] rU [9.3993 -8.537699999999999 2.5743]
   [7.8374 -10.699 -1.1008] [9.292400000000001 -10.3081 0.8477]
   [6.0932 -8.6982 -1.1929] [6.0481 -6.9515 0.3446]]
  [[-0.9837 0.0476 -0.1733 -0.1792 -0.3353 0.9249000000000001 -0.0141 0.9409 0.3384
    5.7793 -5.2303 4.5997] [-0.8313 -0.4738 -0.2906 0.0649 0.4366 -0.8973 0.5521
			    -0.7648 -0.3322 1.6833 6.806 -7.0011]
   [0.3445 -0.763 0.547 -0.4628 -0.645 -0.6082 0.8168 -0.0436 -0.5753 -6.8179
    -3.9778 -5.9887] [0.5855 0.7931 -0.1682 0.8103 -0.579 0.0906 -0.0255 -0.1894
		      -0.9816 6.1203 -7.1051 3.1984]
   [2.676 -8.496 3.288] [1.495 -7.623 3.477]
   [2.949 -9.464 4.374] [3.973 -7.595 3.034]
   [3.9938 -6.7042 1.9023] [3.2332 -5.9343 2.0319]
   [3.9666 -7.2863 0.9812] [5.3098 -5.9546 1.8564]
   [5.3863 -5.3702 0.9395] [5.3851 -5.0642 3.0076]
   [6.7315 -4.9724 3.4462] [7.0033 -3.9202 3.3619]
   [7.5997 -5.8018 2.4948] [8.3627 -6.3254 3.0707]
   [8.041 -4.9501 1.4724] [8.2781 -4.0644 1.757]
   [6.5701 -6.8129 1.9714] [6.4186 -7.5809 2.7299]
   [6.9357 -7.3841 0.7235] [6.8024 -5.4718 4.8475]
   [6.692 -5.0495 7.1354] [6.6201 -4.55 5.8506]
   [6.9254 -6.3614 7.4926] [7.1046 -7.2543 6.3718]
   [7.0391 -6.7951 5.1106] rU [6.4083 -3.3696 5.634]
   [6.9679 -6.6901 8.68] [6.5626 -4.3957 7.8812]
   [7.2781 -8.2254 6.535] [7.1657 -7.4312 4.3503]]
  [[-0.9434 0.3172 0.09710000000000001 0.2294 0.4125 0.8816000000000001 0.2396
    0.8539 -0.4619 8.362500000000001 -52.7147 1.3745]
   [0.2765 -0.1121 -0.9545 -0.8297 0.4733 -0.2959 0.485 0.8737 0.0379 -14.7774
    -45.2464 21.9088] [0.1063 -0.6334 -0.7665 -0.5931999999999999 -0.6591 0.4624
		       -0.798 0.4055 -0.4458 43.7634 4.3296 28.489]
   [0.7136 -0.5032 -0.4873 0.6803 0.3317 0.6536 -0.1673 -0.7979000000000001 0.5790999999999999
    -17.1858 41.439 -27.0751] [21.388 15.078 45.577]
   [21.998 14.55 46.821] [21.145 14.027 44.542]
   [22.125 16.36 44.946] [21.5037 16.8594 43.7323]
   [20.8147 17.6663 43.9823] [21.1086 16.023 43.1557]
   [22.5654 17.4874 42.8616] [22.1584 17.7243 41.8785]
   [23.0557 18.6826 43.4751] [24.4788 18.6151 43.6455]
   [24.9355 19.084 42.7739] [24.7958 17.1427 43.6474]
   [24.5652 16.74 44.6336] [26.1041 16.8773 43.2455]
   [26.7516 17.5328 43.5149] [23.8109 16.5979 42.6377]
   [23.5756 15.5686 42.9084] [24.289 16.7447 41.2729]
   [24.942 19.2174 44.8923] [25.2655 20.5636 44.8883]
   [25.1663 21.2219 43.8561] [25.6911 21.1219 46.0494]
   [25.8051 20.4068 47.2048] [26.2093 20.9962 48.2534] rU [25.4692 19.0221 47.2053]
   [25.0502 18.4827 46.037] [25.9599 22.1772 46.0966]
   [25.5545 18.4409 48.1234] [24.7854 17.4265 45.9883]]
  [[-0.008 -0.7927999999999999 0.6094000000000001 -0.7512 0.4071 0.5197000000000001
    -0.6601 -0.4536 -0.5988 44.1482 30.7036 2.1088]
   [0.2765 -0.1121 -0.9545 -0.8297 0.4733 -0.2959 0.485 0.8737 0.0379 -14.7774
    -45.2464 21.9088] [0.1063 -0.6334 -0.7665 -0.5931999999999999 -0.6591 0.4624
		       -0.798 0.4055 -0.4458 43.7634 4.3296 28.489]
   [0.7136 -0.5032 -0.4873 0.6803 0.3317 0.6536 -0.1673 -0.7979000000000001 0.5790999999999999
    -17.1858 41.439 -27.0751] [21.388 15.078 45.577]
   [21.998 14.55 46.821] [21.145 14.027 44.542]
   [22.125 16.36 44.946] [23.5096 16.1227 44.5783]
   [23.5649 15.8588 43.5222] [23.9621 15.4341 45.2919]
   [24.2805 17.4138 44.7151] [25.3492 17.2309 44.603]
   [23.8497 18.3471 43.7208] [23.409 19.5681 44.3321]
   [24.2595 20.2496 44.3524] [23.0418 19.1813 45.7407]
   [22.0532 18.7224 45.7273] [23.1307 20.2521 46.6291]
   [22.8888 21.1051 46.2611] [24.0799 18.1326 46.07]
   [23.649 17.437 46.79] [25.3329 18.7227 46.5109]
   [22.2515 20.1624 43.6698] [22.476 21.0609 42.6406]
   [23.6229 21.3462 42.3061] [21.3986 21.6081 42.0236]
   [20.1189 21.3012 42.3804] [19.1599 21.8516 41.7578] rU [19.8919 20.3745 43.4387]
   [20.979 19.8423 44.044] [21.5235 22.3222 41.2097]
   [18.8732 20.12 43.7312] [20.8545 19.1313 44.8608]]
  [[-0.0317 0.1374 0.99 -0.3422 -0.9321 0.1184 0.9391 -0.3351 0.0765 -32.1929
    25.8198 -28.5088] [0.2765 -0.1121 -0.9545 -0.8297 0.4733 -0.2959 0.485 0.8737
		       0.0379 -14.7774 -45.2464 21.9088]
   [0.1063 -0.6334 -0.7665 -0.5931999999999999 -0.6591 0.4624 -0.798 0.4055 -0.4458
    43.7634 4.3296 28.489] [0.7136 -0.5032 -0.4873 0.6803 0.3317 0.6536 -0.1673
			    -0.7979000000000001 0.5790999999999999 -17.1858 41.439
			    -27.0751] [21.388 15.078 45.577]
   [21.998 14.55 46.821] [21.145 14.027 44.542]
   [22.125 16.36 44.946] [21.5037 16.8594 43.7323]
   [20.8147 17.6663 43.9823] [21.1086 16.023 43.1557]
   [22.5654 17.4874 42.8616] [23.0565 18.3036 43.3915]
   [23.5375 16.5054 42.4925] [23.6574 16.4257 41.0649]
   [24.4701 17.0882 40.7671] [22.3525 16.9643 40.5396]
   [21.5993 16.1799 40.6133] [22.4693 17.4849 39.2515]
   [23.0899 17.0235 38.6827] [22.0341 18.0633 41.5279]
   [20.9509 18.1709 41.5846] [22.7249 19.302 41.21]
   [23.858 15.0648 40.5757] [25.1556 14.5982 40.4523]
   [26.1047 15.321 40.7448] [25.3391 13.3315 40.002]
   [24.2974 12.5148 39.6749] [24.545 11.341 39.261] rU [22.9633 12.9979 39.8053]
   [22.8009 14.2648 40.2524] [26.3414 12.9194 39.8855]
   [22.1227 12.3533 39.5486] [21.7989 14.6788 40.365]]
  [[-0.9674 0.1021 -0.2318 -0.2514 -0.2766 0.9275 0.0306 0.9555 0.2933 27.8571
    -42.1305 -24.4563] [0.2765 -0.1121 -0.9545 -0.8297 0.4733 -0.2959 0.485 0.8737
			0.0379 -14.7774 -45.2464 21.9088]
   [0.1063 -0.6334 -0.7665 -0.5931999999999999 -0.6591 0.4624 -0.798 0.4055 -0.4458
    43.7634 4.3296 28.489] [0.7136 -0.5032 -0.4873 0.6803 0.3317 0.6536 -0.1673
			    -0.7979000000000001 0.5790999999999999 -17.1858 41.439
			    -27.0751] [21.388 15.078 45.577]
   [21.998 14.55 46.821] [21.145 14.027 44.542]
   [22.125 16.36 44.946] [23.5096 16.1227 44.5783]
   [23.5649 15.8588 43.5222] [23.9621 15.4341 45.2919]
   [24.2805 17.4138 44.7151] [23.8509 18.1819 44.072]
   [24.2506 17.8583 46.0741] [25.583 18.032 46.5775]
   [25.8569 19.0761 46.4256] [26.441 17.1555 45.7033]
   [26.3459 16.1253 46.0462] [27.7649 17.5888 45.6478]
   [28.1004 17.9719 46.4616] [25.7796 17.2997 44.3513]
   [25.9478 16.3824 43.7871] [26.2154 18.4984 43.6541]
   [25.7321 17.6281 47.9726] [25.5136 18.5779 48.956]
   [25.2079 19.7276 48.6503] [25.6482 18.1987 50.2518]
   [25.9847 16.9266 50.6092] [26.0918 16.6439 51.8416] rU [26.2067 15.9515 49.5943]
   [26.0713 16.3497 48.308] [25.489 18.9105 51.0618]
   [26.4742 14.931 49.8682] [26.2346 15.6394 47.4975]])])
	 #fn(#9# #10# [16 17 #12=([[-0.0137 -0.8012 0.5983000000000001 -0.2523
				    0.5817 0.7733 -0.9675 -0.1404 -0.2101 0.2031
				    8.3874 0.4228]
				   [-0.8313 -0.4738 -0.2906 0.0649 0.4366 -0.8973
				    0.5521 -0.7648 -0.3322 1.6833 6.806 -7.0011]
				   [0.3445 -0.763 0.547 -0.4628 -0.645 -0.6082
				    0.8168 -0.0436 -0.5753 -6.8179 -3.9778 -5.9887]
				   [0.5855 0.7931 -0.1682 0.8103 -0.579 0.0906
				    -0.0255 -0.1894 -0.9816 6.1203 -7.1051 3.1984]
				   [2.676 -8.496 3.288]
				   [1.495 -7.623 3.477]
				   [2.949 -9.464 4.374]
				   [3.973 -7.595 3.034]
				   [5.2416 -8.2422 2.8181]
				   [5.205 -8.812799999999999 1.8901]
				   [5.5368 -8.7738 3.7227]
				   [6.3232 -7.2037 2.6002]
				   [7.3048 -7.6757 2.5577]
				   [6.0635 -6.5092 1.3456]
				   [6.4697 -5.1547 1.4629]
				   [7.2354 -5.0043 0.7018]
				   [7.0856 -4.961 2.8521]
				   [6.7777 -3.9935 3.2487]
				   [8.4627 -5.1992 2.7423]
				   [8.869300000000001 -4.8638 1.9399]
				   [6.3877 -6.0809 3.6362]
				   [5.377 -5.7562 3.8834]
				   [7.1024 -6.4754 4.7985]
				   [5.2764 -4.2883 1.2538]
				   [4.3777 -2.2062 0.7229]
				   [5.5069 -2.9779 0.9088000000000001]
				   [3.0693 -2.6246 0.85]
				   [2.9279 -4.0146 1.2149]
				   [4.0101 -4.7892 1.4017] rC [2.104 -1.7437 0.6331]
				   [6.6267 -2.5166 0.7728]
				   [1.1496 -2.06 0.7287]
				   [2.3303 -0.7921 0.3815]
				   [1.9353 -4.4465 1.3419]
				   [3.8895 -5.8371 1.6762]]
				  [[0.5141 0.0246 0.8574000000000001 -0.5547 -0.7529
				    0.3542 0.6542 -0.6577 -0.3734 -9.1111 -3.4598
				    -3.2939]
				   [-0.8313 -0.4738 -0.2906 0.0649 0.4366 -0.8973
				    0.5521 -0.7648 -0.3322 1.6833 6.806 -7.0011]
				   [0.3445 -0.763 0.547 -0.4628 -0.645 -0.6082
				    0.8168 -0.0436 -0.5753 -6.8179 -3.9778 -5.9887]
				   [0.5855 0.7931 -0.1682 0.8103 -0.579 0.0906
				    -0.0255 -0.1894 -0.9816 6.1203 -7.1051 3.1984]
				   [2.676 -8.496 3.288]
				   [1.495 -7.623 3.477]
				   [2.949 -9.464 4.374]
				   [3.973 -7.595 3.034]
				   [4.3825 -6.6585 4.0489]
				   [4.6841 -7.2019 4.9443]
				   [3.6189 -5.8889 4.1625]
				   [5.6255 -5.9175 3.5998]
				   [5.8732 -5.1228 4.3034]
				   [6.7337 -6.8605 3.5222]
				   [7.5932 -6.4923 2.4548]
				   [8.5661 -6.2983 2.9064]
				   [7.0527 -5.2012 1.8322]
				   [7.1627 -5.2525 0.749]
				   [7.6666 -4.1249 2.488]
				   [8.5944 -4.2543 2.6981]
				   [5.5661 -5.3029 2.2009]
				   [5.0841 -6.0018 1.5172]
				   [4.9062 -4.0452 2.2042]
				   [7.6298 -7.6136 1.4752]
				   [8.6945 -8.704599999999999 -0.2857]
				   [8.6943 -7.6514 0.6066]
				   [7.7426 -9.698700000000001 -0.3801]
				   [6.6642 -9.574199999999999 0.5722]
				   [6.6391 -8.559200000000001 1.4526] rC [7.9033
  -10.6371 -1.301] [9.584 -6.8186 0.6136]
				   [7.2009 -11.3604 -1.3619]
				   [8.7058 -10.6168 -1.914]
				   [5.8585 -10.3083 0.5822000000000001]
				   [5.8197 -8.4773 2.1667]]
				  [[-0.4993 0.0476 0.8651 0.8078 -0.3353 0.4847
				    0.3132 0.9409 0.129 6.2989 -5.2303 -3.8577]
				   [-0.8313 -0.4738 -0.2906 0.0649 0.4366 -0.8973
				    0.5521 -0.7648 -0.3322 1.6833 6.806 -7.0011]
				   [0.3445 -0.763 0.547 -0.4628 -0.645 -0.6082
				    0.8168 -0.0436 -0.5753 -6.8179 -3.9778 -5.9887]
				   [0.5855 0.7931 -0.1682 0.8103 -0.579 0.0906
				    -0.0255 -0.1894 -0.9816 6.1203 -7.1051 3.1984]
				   [2.676 -8.496 3.288]
				   [1.495 -7.623 3.477]
				   [2.949 -9.464 4.374]
				   [3.973 -7.595 3.034]
				   [3.9938 -6.7042 1.9023]
				   [3.2332 -5.9343 2.0319]
				   [3.9666 -7.2863 0.9812]
				   [5.3098 -5.9546 1.8564]
				   [5.3863 -5.3702 0.9395]
				   [5.3851 -5.0642 3.0076]
				   [6.7315 -4.9724 3.4462]
				   [7.0033 -3.9202 3.3619]
				   [7.5997 -5.8018 2.4948]
				   [8.3627 -6.3254 3.0707]
				   [8.041 -4.9501 1.4724]
				   [8.2781 -4.0644 1.757]
				   [6.5701 -6.8129 1.9714]
				   [6.4186 -7.5809 2.7299]
				   [6.9357 -7.3841 0.7235]
				   [6.8024 -5.4718 4.8475]
				   [7.9218 -5.57 6.8877]
				   [7.8908 -5.0886 5.5944]
				   [6.9789 -6.3827 7.4823]
				   [5.8742 -6.7319 6.6202]
				   [5.8182 -6.2769 5.357] rC [7.1702 -6.7511 8.7402]
				   [8.774699999999999 -4.3728 5.1568]
				   [6.4741 -7.3461 9.1662]
				   [7.9889 -6.4396 9.242900000000001]
				   [5.0736 -7.3713 6.9922]
				   [4.9784 -6.5473 4.717]]
				  [[-0.5669 -0.8012 0.1918 -0.8129 0.5817 0.0273
				    -0.1334 -0.1404 -0.9811 -0.3279 8.3874 0.3355]
				   [-0.8313 -0.4738 -0.2906 0.0649 0.4366 -0.8973
				    0.5521 -0.7648 -0.3322 1.6833 6.806 -7.0011]
				   [0.3445 -0.763 0.547 -0.4628 -0.645 -0.6082
				    0.8168 -0.0436 -0.5753 -6.8179 -3.9778 -5.9887]
				   [0.5855 0.7931 -0.1682 0.8103 -0.579 0.0906
				    -0.0255 -0.1894 -0.9816 6.1203 -7.1051 3.1984]
				   [2.676 -8.496 3.288]
				   [1.495 -7.623 3.477]
				   [2.949 -9.464 4.374]
				   [3.973 -7.595 3.034]
				   [5.2416 -8.2422 2.8181]
				   [5.205 -8.812799999999999 1.8901]
				   [5.5368 -8.7738 3.7227]
				   [6.3232 -7.2037 2.6002]
				   [7.3048 -7.6757 2.5577]
				   [6.0635 -6.5092 1.3456]
				   [6.4697 -5.1547 1.4629]
				   [7.2354 -5.0043 0.7018]
				   [7.0856 -4.961 2.8521]
				   [6.7777 -3.9935 3.2487]
				   [8.4627 -5.1992 2.7423]
				   [8.869300000000001 -4.8638 1.9399]
				   [6.3877 -6.0809 3.6362]
				   [5.377 -5.7562 3.8834]
				   [7.1024 -6.4754 4.7985]
				   [5.2764 -4.2883 1.2538]
				   [3.8961 -3.0896 -0.1893]
				   [5.0095 -3.8907 -0.0346]
				   [3.048 -2.6632 0.8116]
				   [3.4093 -3.131 2.1292]
				   [4.4878 -3.9124 2.3088] rC [2.0216 -1.8941
							       0.4804]
				   [5.7005 -4.2164 -0.9842]
				   [1.4067 -1.5873 1.2205]
				   [1.8721 -1.6319 -0.4835]
				   [2.8048 -2.8507 2.9918]
				   [4.7491 -4.2593 3.3085]]
				  [[-0.6298 0.0246 0.7763 -0.5226 -0.7529 -0.4001
				    0.5746 -0.6577 0.487 -0.0208 -3.4598 -9.6882]
				   [-0.8313 -0.4738 -0.2906 0.0649 0.4366 -0.8973
				    0.5521 -0.7648 -0.3322 1.6833 6.806 -7.0011]
				   [0.3445 -0.763 0.547 -0.4628 -0.645 -0.6082
				    0.8168 -0.0436 -0.5753 -6.8179 -3.9778 -5.9887]
				   [0.5855 0.7931 -0.1682 0.8103 -0.579 0.0906
				    -0.0255 -0.1894 -0.9816 6.1203 -7.1051 3.1984]
				   [2.676 -8.496 3.288]
				   [1.495 -7.623 3.477]
				   [2.949 -9.464 4.374]
				   [3.973 -7.595 3.034]
				   [4.3825 -6.6585 4.0489]
				   [4.6841 -7.2019 4.9443]
